0.000000000000000000e+00,0.000000000000000000e+00,0.000000000000000000e+00,0.000000000000000000e+00
3.465735902799726986e-01,-1.039720770839917874e+00,3.465735902799726986e-01,3.465735902799726986e-01
1.399039358079849915e-01,1.399039358079849915e-01,-4.197118074239549745e-01,1.399039358079849915e-01
0.000000000000000000e+00,0.000000000000000000e+00,0.000000000000000000e+00,0.000000000000000000e+00
3.465735902799726986e-01,3.465735902799726986e-01,-1.039720770839917874e+00,3.465735902799726986e-01
0.000000000000000000e+00,0.000000000000000000e+00,0.000000000000000000e+00,0.000000000000000000e+00
-1.039720770839917874e+00,3.465735902799726986e-01,3.465735902799726986e-01,3.465735902799726986e-01
1.399039358079849915e-01,1.399039358079849915e-01,1.399039358079849915e-01,-4.197118074239549745e-01
0.000000000000000000e+00,0.000000000000000000e+00,0.000000000000000000e+00,0.000000000000000000e+00
3.465735902799724766e-01,3.465735902799724766e-01,3.465735902799724766e-01,-1.039720770839918096e+00
-1.175009110367244425e-01,3.525027331101722172e-01,-1.175009110367244425e-01,-1.175009110367244425e-01
-2.290727068103954878e-01,6.872181204311867964e-01,-2.290727068103954878e-01,-2.290727068103954878e-01
0.000000000000000000e+00,0.000000000000000000e+00,0.000000000000000000e+00,0.000000000000000000e+00
-1.175009110367239984e-01,-1.175009110367239984e-01,3.525027331101726613e-01,-1.175009110367239984e-01
-2.290727068103954878e-01,-2.290727068103954878e-01,6.872181204311867964e-01,-2.290727068103954878e-01
3.525027331101722172e-01,-1.175009110367244425e-01,-1.175009110367244425e-01,-1.175009110367244425e-01
