-2.759469760894230461e+00,-3.293417814259241627e+00,5.756927604710075030e+00,2.959599704433478751e-01
-1.725577401235123709e+00,-2.602998350991942988e+00,5.223794996799197676e+00,-8.952192445721186553e-01
-1.244955957224680665e+00,4.684253449062299346e+00,-2.166691398310449657e+00,-1.272606093527172133e+00
0.000000000000000000e+00,0.000000000000000000e+00,0.000000000000000000e+00,0.000000000000000000e+00
0.000000000000000000e+00,0.000000000000000000e+00,0.000000000000000000e+00,0.000000000000000000e+00
0.000000000000000000e+00,0.000000000000000000e+00,0.000000000000000000e+00,0.000000000000000000e+00
-2.122715429547050725e+00,6.017606158770221647e+00,-2.122715429547050725e+00,-1.772175299676147064e+00
0.000000000000000000e+00,0.000000000000000000e+00,0.000000000000000000e+00,0.000000000000000000e+00
0.000000000000000000e+00,0.000000000000000000e+00,0.000000000000000000e+00,0.000000000000000000e+00
-6.284885049382269440e-01,-6.284885049382269440e-01,1.885465514814681054e+00,-6.284885049382269440e-01
-2.423072229801401800e+00,-2.616342158560287956e+00,-2.980478551886774241e+00,8.019892940248464441e+00
0.000000000000000000e+00,0.000000000000000000e+00,0.000000000000000000e+00,0.000000000000000000e+00
0.000000000000000000e+00,0.000000000000000000e+00,0.000000000000000000e+00,0.000000000000000000e+00
-6.219281554136507628e-01,-6.219281554136507628e-01,6.578446624095235507e-02,1.178071844586349393e+00
-1.996371366669304148e+00,-5.557461827487917283e-01,4.756951779146575632e+00,-2.204834229728479755e+00
0.000000000000000000e+00,0.000000000000000000e+00,0.000000000000000000e+00,0.000000000000000000e+00
