0.000000000000000000e+00,0.000000000000000000e+00,0.000000000000000000e+00,0.000000000000000000e+00
0.000000000000000000e+00,0.000000000000000000e+00,0.000000000000000000e+00,0.000000000000000000e+00
0.000000000000000000e+00,0.000000000000000000e+00,0.000000000000000000e+00,0.000000000000000000e+00
0.000000000000000000e+00,0.000000000000000000e+00,0.000000000000000000e+00,0.000000000000000000e+00
0.000000000000000000e+00,0.000000000000000000e+00,0.000000000000000000e+00,0.000000000000000000e+00
0.000000000000000000e+00,0.000000000000000000e+00,0.000000000000000000e+00,0.000000000000000000e+00
0.000000000000000000e+00,0.000000000000000000e+00,0.000000000000000000e+00,0.000000000000000000e+00
0.000000000000000000e+00,0.000000000000000000e+00,0.000000000000000000e+00,0.000000000000000000e+00
0.000000000000000000e+00,0.000000000000000000e+00,0.000000000000000000e+00,0.000000000000000000e+00
0.000000000000000000e+00,0.000000000000000000e+00,0.000000000000000000e+00,0.000000000000000000e+00
0.000000000000000000e+00,0.000000000000000000e+00,0.000000000000000000e+00,0.000000000000000000e+00
3.465735902799726986e-01,-1.039720770839917874e+00,3.465735902799726986e-01,3.465735902799726986e-01
0.000000000000000000e+00,0.000000000000000000e+00,0.000000000000000000e+00,0.000000000000000000e+00
0.000000000000000000e+00,0.000000000000000000e+00,0.000000000000000000e+00,0.000000000000000000e+00
0.000000000000000000e+00,0.000000000000000000e+00,0.000000000000000000e+00,0.000000000000000000e+00
0.000000000000000000e+00,0.000000000000000000e+00,0.000000000000000000e+00,0.000000000000000000e+00
0.000000000000000000e+00,0.000000000000000000e+00,0.000000000000000000e+00,0.000000000000000000e+00
0.000000000000000000e+00,0.000000000000000000e+00,0.000000000000000000e+00,0.000000000000000000e+00
3.465735902799726986e-01,3.465735902799726986e-01,-1.039720770839917874e+00,3.465735902799726986e-01
0.000000000000000000e+00,0.000000000000000000e+00,0.000000000000000000e+00,0.000000000000000000e+00
-1.039720770839917874e+00,3.465735902799726986e-01,3.465735902799726986e-01,3.465735902799726986e-01
1.399039358079849915e-01,-4.197118074239549745e-01,1.399039358079849915e-01,1.399039358079849915e-01
0.000000000000000000e+00,0.000000000000000000e+00,0.000000000000000000e+00,0.000000000000000000e+00
0.000000000000000000e+00,0.000000000000000000e+00,0.000000000000000000e+00,0.000000000000000000e+00
0.000000000000000000e+00,0.000000000000000000e+00,0.000000000000000000e+00,0.000000000000000000e+00
0.000000000000000000e+00,0.000000000000000000e+00,0.000000000000000000e+00,0.000000000000000000e+00
0.000000000000000000e+00,0.000000000000000000e+00,0.000000000000000000e+00,0.000000000000000000e+00
4.864775260879576901e-01,-7.313821714398249796e-02,4.864775260879576901e-01,-8.998168350319328823e-01
1.399039358079849915e-01,1.399039358079849915e-01,-4.197118074239549745e-01,1.399039358079849915e-01
0.000000000000000000e+00,0.000000000000000000e+00,0.000000000000000000e+00,0.000000000000000000e+00
-4.197118074239549745e-01,1.399039358079849915e-01,1.399039358079849915e-01,1.399039358079849915e-01
0.000000000000000000e+00,0.000000000000000000e+00,0.000000000000000000e+00,0.000000000000000000e+00
0.000000000000000000e+00,0.000000000000000000e+00,0.000000000000000000e+00,0.000000000000000000e+00
3.465735902799726986e-01,-1.039720770839917874e+00,3.465735902799726986e-01,3.465735902799726986e-01
2.798078716159699830e-01,-2.798078716159699830e-01,-2.798078716159699830e-01,2.798078716159699830e-01
0.000000000000000000e+00,0.000000000000000000e+00,0.000000000000000000e+00,0.000000000000000000e+00
-4.197118074239549745e-01,1.399039358079849915e-01,1.399039358079849915e-01,1.399039358079849915e-01
1.399039358079849915e-01,1.399039358079849915e-01,1.399039358079849915e-01,-4.197118074239549745e-01
0.000000000000000000e+00,0.000000000000000000e+00,0.000000000000000000e+00,0.000000000000000000e+00
0.000000000000000000e+00,0.000000000000000000e+00,0.000000000000000000e+00,0.000000000000000000e+00
3.465735902799726986e-01,3.465735902799726986e-01,-1.039720770839917874e+00,3.465735902799726986e-01
1.399039358079849915e-01,1.399039358079849915e-01,-4.197118074239549745e-01,1.399039358079849915e-01
-1.039720770839917874e+00,3.465735902799726986e-01,3.465735902799726986e-01,3.465735902799726986e-01
-2.798078716159699830e-01,2.798078716159699830e-01,2.798078716159699830e-01,-2.798078716159699830e-01
0.000000000000000000e+00,0.000000000000000000e+00,0.000000000000000000e+00,0.000000000000000000e+00
0.000000000000000000e+00,0.000000000000000000e+00,0.000000000000000000e+00,0.000000000000000000e+00
3.465735902799726986e-01,-1.039720770839917874e+00,3.465735902799726986e-01,3.465735902799726986e-01
-1.175009110367244425e-01,3.525027331101722172e-01,-1.175009110367244425e-01,-1.175009110367244425e-01
0.000000000000000000e+00,0.000000000000000000e+00,0.000000000000000000e+00,0.000000000000000000e+00
3.465735902799724766e-01,3.465735902799724766e-01,3.465735902799724766e-01,-1.039720770839918096e+00
1.399039358079849915e-01,1.399039358079849915e-01,1.399039358079849915e-01,-4.197118074239549745e-01
3.465735902799726986e-01,-1.039720770839917874e+00,3.465735902799726986e-01,3.465735902799726986e-01
0.000000000000000000e+00,0.000000000000000000e+00,0.000000000000000000e+00,0.000000000000000000e+00
3.465735902799726986e-01,3.465735902799726986e-01,-1.039720770839917874e+00,3.465735902799726986e-01
-1.175009110367239984e-01,-1.175009110367239984e-01,3.525027331101726613e-01,-1.175009110367239984e-01
-1.268793477650313584e+00,1.033791710711159162e+00,1.175008834695772109e-01,1.175008834695772109e-01
0.000000000000000000e+00,0.000000000000000000e+00,0.000000000000000000e+00,0.000000000000000000e+00
0.000000000000000000e+00,0.000000000000000000e+00,0.000000000000000000e+00,0.000000000000000000e+00
3.465735902799726986e-01,3.465735902799726986e-01,-1.039720770839917874e+00,3.465735902799726986e-01
0.000000000000000000e+00,0.000000000000000000e+00,0.000000000000000000e+00,0.000000000000000000e+00
-1.039720770839917874e+00,3.465735902799726986e-01,3.465735902799726986e-01,3.465735902799726986e-01
0.000000000000000000e+00,0.000000000000000000e+00,0.000000000000000000e+00,0.000000000000000000e+00
1.175008834695772109e-01,1.175008834695772109e-01,1.033791710711159162e+00,-1.268793477650313584e+00
-1.175009110367239984e-01,-1.175009110367239984e-01,-1.175009110367239984e-01,3.525027331101726613e-01
