16
[15,15], +2
[0,8], -2
[0,9], -2
[0,13], -2
[0,14], -2
[1,0], -2
[1,9], -2
[1,14], -2
[2,1], -2
[2,2], -2
[2,6], -2
[2,14], -2
[3,4], -2
[3,5], -2
[3,15], -2
[4,1], -2
[4,7], -2
[4,9], -2
[5,1], -2
[5,4], -2
[5,10], -2
[6,9], -2
[7,1], -2
[7,6], -2
[8,4], -2
[8,6], -2
[8,7], -2
[8,8], -2
[9,5], -2
[9,11], -2
[9,15], -2
[10,4], -2
[10,5], -2
[10,11], -2
[10,15], -2
[11,6], -2
[11,12], -2
[11,13], -2
[11,15], -2
[12,4], -2
[12,9], -2
[12,11], -2
[13,2], -2
[13,10], -2
[13,11], -2
[14,1], -2
[14,2], -2
[14,6], -2
[15,7], -2
[15,14], -2